910
5400
2400
95000
590
20
72000
2900
3100
9800
20
280
44000
590
72
19
96
190
20
550
5000
15
23000
65000
9000
12
71000
52
17
24000
620
72000
10
58
120
76
8500
59
45
46
82000
850
6000
81
1500
34
130
75000
51
29000
2500
22
770
93
95
7000
270
320
96
33000
280
46000
2600
310
7400
70000
870
16
94
64
29000
1300
19
29
46
41
3100
37000
600
55000
93000
590
99000
440
830
59
78
98
63
4400
95
6600
220
95
92
6600
92
86000
25
870
94
4500
580
89
77
57
87
28000
510
6900
83000
13
6300
69000
5700
4500
6000
35
49
710
33000
73
9200
140
540
8
47
6800
8600
30000
350
6
9900
4900
8000
38000
59
4600
90
6200
560
40000
97
31
40
120
250
22
24000
43
420
35
9000
41
6700
84000
24000
86
1900
17
620
2300
69
83
71
93000
900
9200
86
39000
56
99000
28000
44000
24000
5
26000
6500
16
79000
93
33
720
3000
200
37
32000
50
74000
44
900
38
9
950
7200
190
95000
58
82
150
790
83
4900
90000
64000
93
28000
5400
990
51000
350
34
880
73000
93000
21
78000
21
21
35
53
4700
36
49
80
3700
5
5700
4000
680
9200
930
190
16
10000
85
52
480
3900
800
96000
88
7900
1100
66
7400
2100
460
51
37
57000
21
25
380
760
99
63
80
1600
9300
52
1800
2100
670
96000
76
92000
2600
710
82000
82
13
240
95000
28
1500
4600
98000
25
75
350
81000
72000
7
210
52
660
95
530
92
14
650
2100
1100
40
8700
270
75000
67
14
14
49
77000
46
980
520
30
430
650
510
2700
1600
43
1800
10000
8300
18
3300
340
720
56
39
21000
8
5900
5600
91
12
39000
94
660
33
18000
6
63000
610
4900
6300
1900
5300
12
53000
73
78000
88
44
8000
89000
320
6800
390
98000
35
840
67000
33000
12000
17
420
57000
6000
58
54
6800
45000
420
2400
4000
990
940
28000
170
49
150
220
780
1000
400
2000
2000
9700
51
6600
56
280
50
840
73
2400
31
23
5900
19000
480
40
27
5700
17
460
14
5700
420
2200
7100
2000
32
2700
90000
32000
50
89
51
22000
37
9900
90
38000
9300
41000
85
8600
220
190
160
21
64
56000
6900
2700
85
67
53
61
72
1000
5300
11
64000
120
27
53000
26000
55000
30000
7800
210
490
6500
6200
6000
1600
6400
8500
70
84000
75
25
290
82
60
630
47
53
60000
69
26
32
19
30000
57
7700
86
25
66
88000
7300
49
8000
84
8000
44
84
55000
68000
65
44000
60000
5
90
980
96000
38
27000
10
59
160
37
5
31
200
33
330
85
4600
82
73000
13
810
98000
74
27
7000
11
3400
27
94
62000
700
4200
43000
74
21000
52
34
73
87
36
52
410
250
3200
84
71000
33
13
9600
71
74000
7
4100
790
190
6800
57
96
1900
8
55
5200
8600
910
43
95000
220
35000
940
14
9100
93
56
43
46000
13
28
9000
11
330
89
510
18
620
54000
100
55
9600
89
810
5600
75000
95000
4300
6300
26000
87
8200
26
170
84000
660
55000
49
5
21000
36
630
46
73
7700
470
340
12
6500
64
1300
360
50
39
55000
9300
10000
21
43
56
300
5
790
76
7000
13
56
2300
8000
670
630
77000
98
10
56000
720
5500
6600
8200
2500
21
73
34000
2500
6
810
730
20
91
27
820
71
57
590
13
23
61
90
8600
6400
6100
8800
85
83000
60
96000
78000
240
650
570
23000
54
33
48
87
4900
74
79
530
7000
51000
940
690
3600
34
700
8100
10
750
73000
40
470
54000
75
95
94
5700
360
460
52000
23000
74000
67000
4000
40
600
360
22000
31000
88000
680
84
37000
62
37
48
68000
7500
10
590
560
80000
530
760
8500
45000
180
8400
55
16000
9
77000
280
22
720
12
45
56
8600
90000
160
50
42
2400
95
59
29000
80
59000
18
18
2200
430
14000
60000
980
520
97000
1000
26
610
720
26000
480
2300
92
83
930
910
370
4000
2300
97
13
36
740
7400
27000
49
71000
5700
35
17000
89
38
600
8100
71
50
70
98
960
96
60000
87000
81
89
79
84000
450
1100
43000
27
52
17
4700
9000
1500
93
41
75000
9100
1700
21
520
26
57
60000
420
850
620
48
290
59
700
97
52
80
8700
49000
2600
86
3300
2100
29
60000
980
21000
1300
32
650
57
51
1900
17
29
220
64
75
39
24
50
300
63
6600
520
1900
44
1600
2100
52000
8900
52
40
1200
630
20000
74
19000
8000
48
5000
18
17000
65
65000
87000
84000
220
3000
75000
170
34
7000
590
520
590
4600
38
5
28000
4800
19000
7400
810
5600
900
82
330
38000
51
9000
96
20
7100
39
14000
86
570
79000
39
310
83
33000
83
650
91000
88
80
5
750
34
9000
5300
23
330
100
7300
7000
5900
84000
440
620
6200
210
30000
93000
32
85
540
36
11
900
54
1700
5500
78
71000
790
14
330
19
360
30
420
390
6200
610
680
36
70
74000
610
8800
560
520
1600
71000
29000
6
77
9300
210
100
39
860
1000
7000
21
3800
36
1700
9200
420
55
72
91
930
79
850
13
54000
56000
68
49000
74000
65
44000
260
9700
780
28
62000
30000
4600
83000
440
63
83000
36000
660
45
440
350
74
3400
840
34
21000
2600
72
620
82
4400
33
55
80000
4100
73
24
660
1700
6200
170
93
78000
42000
90000
100000
57
38000
98
9900
2800
37
11
44000
540
93
42
80000
99
55000
76000
4400
4800
56
12000
61
6700
220
130
82
830
5700
7400
49
75
5300
78
8100
83000
44000
26000
10
6200
9600
4800
9400
1300
2300
550
46
28000
17
61
430
85
88000
70000
350
51
94
970
9000
29000
34
85
180
77
99
2400
73000
4200
22000
20
950
90000
930
69
3300
3000
17
6
70
240
490
48
7
69000
33
6400
16
53
8000
68
6300
67
65
700
480
5100
14
5800
540
670
79000
390
96
86
1600
72
57000
69
7000
75
370
600
45
69
30000
5400
11
10
44000
920
5400
8
48000
77
22000
100
6200
6
60
820
240
840
410
74
46000
97
36
23
950
42000
65000
72
6700
9600
85000
85
11000
9500
81
7100
99
8800
79000
32
2100
350
18000
18
74000
280
9
52
9200
7000
9500
3900
20
13
1100
100
440
72
4900
780
4000
150
5800
76000
410
19
5700
53000
630
49
95000
53000
54
73
4000
4100
97
93
500
18
940
440
7200
29000
45000
54
32000
9500
83000
55
74000
3300
4300
54
86
33
13
65000
9900
93000
210
94
11
41
1300
58
46
36000
9800
75000
37
5
20000
2000
5600
88000
91
84000
800
56
6
6600
600
49
26
59
440
49000
4100
3000
70
29
390
60
46
960
73000
44000
22000
66000
72
46000
56000
8
77000
90
56
78000
85
3400
930
13000
38000
4600
3500
1700
910
220
910
76000
6600
75000
27
8200
830
2400
51000
43
8100
82000
910
95000
40
80
500
540
87
10
20000
5700
4200
67000
6000
970
5
31000
79000
5400
1500
69000
18
1000
480
9
5100
8800
30000
57000
4300
220
6300
55
46000
43
5300
70000
34000
64000
84
9500
960
32000
54000
72
470
60000
9600
93000
3900
11000
31
3100
62
910
8600
19
63000
81
96000
32
43
16
960
9600
69000
30000
17000
99000
6900
7200
300
83000
850
9700
13000
4000
44000
850
7
46000
560
86000
3100
83
940
68000
44
5000
34
71
560
19000
1900
57
7900
98
87000
73000
190
69
19
54000
47
33000
95
1200
72000
540
600
870
240
81
26
39000
59000
710
760
74
57
3300
63
15000
580
84
23
840
660
49
75000
110
67000
34
38000
790
91000
78
92
10000
5000
60000
16000
20000
16
67
400
210
26
530
15
41000
54
3300
2800
88
35
18
460
34000
57
92
2600
7800
1300
15000
89
280
91
400
550
53000
5300
74
4800
51
73
140
21
5
4800
6100
71000
390
70
320
69
1800
66000
56000
170
580
61
29
98
38000
82
33
64
35
710
34
49000
49000
40
63
68
63
100
310
4000
34
6900
57000
310
2100
30000
62
43000
1300
5700
81
69000
5800
80
6100
970
890
54000
130
7
81000
990
6400
64
670
990
880
98
110
24
63
840
50000
76
270
37
42000
97
910
670
950
940
73
24
56
98
16
55
47000
100
68000
32000
91000
15
300
620
580
63
4900
47000
46
460
200
42
39
110
98
7300
14
4100
68
52
31000
38
4500
12
920
64
5300
110
79
14000
660
4900
64000
83
75
2900
1700
47000
67
77000
87000
8300
54
7600
9100
130
530
13
89000
7400
71
59
28
82
90
85000
6500
1100
36000
6300
560
280
3500
4900
7900
87
88
33000
25000
87
89000
92
35000
37
4500
77000
54000
63000
20
22
78
91
10000
2900
5000
37
45
79000
41000
2700
290
87
9700
51000
1900
18000
940
25
67000
26
51
880
97
24
46
19000
23
57000
280
790
8900
39000
380
71000
6400
710
33
300
8400
860
2500
97
38
37000
5500
930
10
64
130
6900
34
4700
78
48
150
24
3400
10
85000
130
50000
960
740
44
8200
310
330
84000
7500
720
510
4900
8700
33
58000
76
170
72
56
400
48
660
450
72
1300
82000
59000
33000
69000
84000
780
800
2200
78000
41
740
8900
170
5000
3900
54
82
4200
810
4200
520
1300
30
12
1800
16000
32
460
53000
42
95000
35
900
61000
9600
580
3700
58
89
33
28
82
30
8100
890
85
31
46000
36000
64000
60
450
8500
45
2000
1000
67000
750
72
580
38000
100
65000
63000
160
42
58000
15000
52000
50000
39000
5
9900
570
28
45000
6300
9
60000
48000
60000
82
21
22000
80
42
92
90000
890
68
88
54000
25000
97
90
700
9600
130
20
9000
46
4300
69
29
51
1900
1300
59
5
90000
55
66000
2100
5700
76
280
460
98
64000
33000
33
80
66
300
3900
7300
5300
36
480
94000
500
760
14
710
140
870
98
40000
53000
50
33
72000
520
73
91
47
2500
85
42
15000
110
5900
69
77
33
92
280
45
7900
57
55000
5600
8900
80000
5
3800
200
85
110
84
2000
970
14000
14
23
7
79
6700
180
3400
290
150
26000
40000
980
16
250
440
26
22
920
3500
6100
570
43
460
740
6
76
9200
90
80000
46
9900
99
250
60000
940
14000
2200
370
11
5200
1000
2900
84
33
52
8700
6100
310
3400
59000
980
1800
24
58000
25000
76
3600
3300
76
31
90000
22000
19000
18000
8100
97
6400
6
16
60
77000
3500
13
95
98
30000
68
69
660
4100
560
3900
87
44000
32000
88
2100
64
550
4800
510
73000
6300
52
65
6700
11
8
3500
230
380
300
18
120
500
87000
540
54
9700
760
51
8000
38
79
61
370
440
14000
1300
16
16
72000
55
20
61
85
9
20000
91
68000
830
82000
17000
37
450
72
710
71
830
2700
8000
39000
250
5700
85
41
7700
300
8
97
180
57
72
900
19
90000
64
91
91
37
16000
16
82000
100
90
74
7000
920
310
17
360
90
3100
7800
270
840
78000
55
64
240
5900
24
5500
9100
36
13
86000
2400
69000
95
160
40
19
2500
270
9100
28000
51
95
95
20
3700
6000
27
58
82
630
3300
39000
77
72000
51000
350
8500
8400
12
9700
1900
7100
17
43000
35000
45
54
330
87000
140
78000
21000
15000
85000
18000
470
74
7300
800
290
67
7100
57000
790
53000
28000
69000
7900
1500
80
82000
750
4300
1700
9000
9600
45000
59
50
93
48000
33
96
15
14
91
640
44
53000
450
9
3100
3600
30000
5700
43000
66
32000
2300
68
2600
84
3700
67000
9200
76000
100
4700
15000
66
42
16000
34000
24000
74000
35
93
73
13000
65
66000
95000
79
99
84
53
5400
70000
72
160
13000
87000
490
960
21
8000
1000
87000
200
20000
180
89
54000
55
51
990
180
96
8300
13000
250
69
710
3300
7700
100
210
5900
63000
1700
6300
59
50
9100
470
3100
8600
62000
63
7
7800
84000
8800
670
66
14
58
130
7900
6
80000
92
69
91
540
97000
8200
64000
14
120
64
6600
250
6600
22
580
38000
13000
58
49
6200
18
91
280
76000
660
420
99
24
700
6100
59
2700
46000
29
5600
46000
44000
56000
23
510
23
40
83
25
19
85000
56000
330
540
38000
560
66000
87000
3700
95
74000
38
19000
55000
4600
70
88
100
59000
23
62
310
11
23000
56
55
95
440
92
100
7500
50000
73
720
5
880
54
74000
370
72000
4800
840
6900
56
22000
90000
35
8500
15
7800
36
100
730
110
91
6
8900
97
3100
86
87
55000
98
50
3800
37
70
90
82000
30
91000
3700
5800
5
88000
3400
8600
8800
14
280
880
710
80000
330
67
94000
3600
7
32000
68
140
45
4400
12
1400
71
74
47
93000
2100
160
81
6200
63
6
9500
98000
31000
58
65
62
370
5
3500
6000
75
5200
17
670
12000
93
6400
61
800
49000
31
45
700
47
21
92000
5300
1700
520
30
81
49
85
500
6300
81000
220
9800
180
55
590
70
80000
20
300
33
470
26
89000
39000
63
65
18
65
4800
60000
69
37
6
370
58000
14
75
53
240
370
39000
2900
90000
5400
2200
4800
470
64000
76
61
840
5400
77000
97
19000
87
18
680
57000
21
56
6000
65
320
13
41
16
94
7400
27000
6900
70
500
230
7
3800
12000
340
730
7000
68000
69000
88
96000
92
8000
9700
45
23
39
9100
790
89000
95000
41000
3700
19000
72
35000
560
6800
890
89
480
100
7000
640
180
66
21000
55000
2500
97000
69000
65000
56
97
680
770
5100
4000
45
23000
7000
88
88
95
490
5800
82000
330
89000
73000
31000
27
23000
45000
62000
44
68
43000
750
770
83
50000
840
20
370
75
55000
480
6500
9
41000
630
66000
46
950
900
29000
4900
710
48
31
17
64000
81
80000
48
490
73
84000
8100
6100
87000
99000
130
71
9500
29
300
92
61000
58
43000
560
81
790
41
9800
8500
55
38000
57000
350
31000
250
85
6
570
94000
540
280
40000
38
29
800
45
95
130
83
47
790
87
66
750
65000
7200
52
57
310
690
63000
740
380
110
29
68
37
64
43
72
3900
46000
86
3500
2700
85
93
84
54000
790
16000
94
78
31
56
10
4400
19000
8900
920
13000
710
77000
8300
77
640
26
2900
79
18
82
5
16000
99
3700
490
14
780
70000
500
48
18000
98
4400
300
75
14
100
42000
74000
450
3300
86
2500
54
42000
2400
380
950
520
24000
380
420
63
97
82
3800
35
460
54
940
470
270
170
24
42
1200
70
71000
15000
3100
48000
91000
62000
79
17000
7600
45
82
69
40000
85
98
160
38
92000
44
18
99
310
34
85000
36
950
9600
85000
770
16
4200
64
96
4800
1500
39
11
260
2200
19000
300
1900
58000
30
60
620
84000
7100
37
29000
380
800
870
200
25
31000
31
68
60000
5800
37000
790
800
72
9700
3500
240
41
2000
18
37
170
35
69000
88000
38000
69
850
53
740
6600
4700
3800
710
62000
77
53
75
64
44000
2800
93000
37
15000
780
310
4800
15000
59
360
690
470
80
75
930
64
5600
5500
12
670
160
83
77000
14000
5900
6500
38
22
21000
460
98
940
9900
200
81
7400
580
30000
40
4400
720
600
910
62000
94
480
6200
99000
94000
28
8200
2000
6500
93
780
9
740
240
140
13
88000
600
31
340
520
58
94
93
58
27
55
14
33
89
59000
140
290
51000
65
12
33000
89
390
14
2900
6300
69
29
99
7
6300
7300
75000
8
52
20000
9200
60000
86
93000
62000
33000
360
850
62
20000
35
69
33000
89000
960
260
270
96
71000
11000
9400
720
720
41
8000
8100
44000
4100
49000
530
75
6600
61
57
45
19
58
8700
6900
56
60
29
80
17000
510
34000
52000
34
28000
4400
750
43
62
9700
9100
17
6700
16
19
94
4200
44000
53
70000
36
93000
3700
460
28
420
7400
68000
34000
8100
8200
53
7
5800
96
78000
5
75
35
990
92000
45000
26
2000
44
84000
21
810
54
58
20000
52
7400
21000
43000
17
65
40
11
290
26
1000
62000
10000
950
41000
34
6700
60
40000
38
8300
570
93
640
5700
55
3600
89
210
79
42
64
7900
8700
88
8
590
5300
9
84
31
81000
49
67
27
24
63000
22
75000
79
660
84
77000
6200
44
9
80000
39
480
1000
89
9500
82
47000
72
23
2200
99
98
55000
62
21
14
23
620
65000
900
10
61000
610
22000
2400
21
160
25000
350
12
23
62000
53
480
39000
840
8300
53
2700
64000
2000
60000
17
190
73
510
93000
13
15
60000
65
570
8100
2000
25
16000
6
79
92000
860
11
9000
79000
7
74
570
3200
75000
22
5
68
8000
40
60
6500
24
74000
41000
18
71000
47000
41000
67
490
34
8
940
7000
920
37000
2300
23
64000
91000
32
85000
96
91
80
81
75
12
87
63
9300
840
4100
5300
89
84
20
45000
35
42
4000
87
200
410
490
5
1500
47
91000
40000
69000
900
88000
96
80
50
90
61
51000
98000
260
51000
36000
50
82000
57000
25
830
79
730
51
59000
44000
92
300
960
68
1400
43000
35
8300
60000
6700
29
72000
3300
22
7300
23000
72
42
35
55
830
3200
79
24000
5400
14
79000
92000
4400
120
30
45
72
930
570
36
9400
680
78
47
380
8500
23000
800
66000
480
33000
70
10
15000
97
5
42000
290
1200
1900
61
84
34
9
41
7900
980
790
900
2200
570
72000
660
3300
660
900
8700
4200
93
48000
74
5500
93
34
46
1500
100
41
64
7
7
37000
23000
8300
160
800
58000
36000
2100
74000
16
51
48000
9000
89
70
33000
870
5300
550
8700
11
94
9100
160
10000
13
100
3700
63000
99
580
66
550
34
75
410
8000
170
20
95000
83000
29
16000
660
67
59000
37
20
1900
2800
19
55
48000
510
75
830
43
39
3400
96000
5800
7600
58
560
45000
800
1200
85
9200
65
35000
51000
26000
4400
64
430
5400
5300
41000
96
45000
52000
89
730
730
5100
81
930
82
200
680
680
110
7
17
110
99
8400
3800
3900
7700
3100
7200
11
7300
25
75
56
350
6
7500
13
820
4900
53
1400
75000
50000
36
21
8
59
2200
87
54000
68
77000
90
940
38
9500
41
640
440
6200
7700
87000
15000
11
4300
4900
14
160
34000
130
65
3600
8300
6300
940
99
6400
220
2500
540
41000
82000
24
26000
960
36
27
910
26000
9100
88000
4300
47000
93
38
76
49
13000
24000
1100
73
7600
9500
76000
4500
3200
150
770
96
2100
34000
68
18000
80000
2600
74
6800
56
6400
710
92000
380
55
860
2700
6
14
75
54000
32
10000
9700
76
740
42000
510
790
14000
78
44
72
95
59000
63
750
570
520
51
75000
49000
32000
65
1700
640
97
5400
3300
4600
19000
620
6500
100
67000
81000
680
25
88000
660
77
71000
89000
280
53
98
700
400
2600
18
34000
24
19
6900
1000
4100
610
92000
18
32000
61
67000
16
48000
370
860
36
7800
59
3300
140
59
45
300
30
18
4500
98
6700
18
73
30000
4900
930
65
44
63
32000
8900
16
79000
77
47
67000
69
3000
620
48
6800
860
19
10000
56
9
42
51
230
620
380
71000
7400
30000
90
70
1900
89
2400
35
210
39000
5600
3200
84
87000
36
590
89
84
780
480
9700
45
74
140
91
57
5
61000
27
940
84
63
140
27
48
62000
8300
12
5100
59000
430
840
52000
260
490
6800
14000
49
45
66000
7100
7700
4500
98000
760
13
1600
95
950
39
40000
32
48000
81
82
8800
70
5500
70
4000
820
64000
360
60
96
52
3700
6
660
18
3200
17
12000
69
38
89
35000
99000
55
570
890
80
860
18
820
52
34
47
86000
8400
78
23
3500
48
5800
58
5
43
42000
8400
4100
7100
44
930
5200
250
6400
74
23000
3500
24
840
7200
70
770
810
660
49
4000
53
420
3700
12000
30
8
43000
85000
85000
6000
77000
59
81
83000
3200
1600
58
1500
92
72
42
6
34000
15000
25
85000
570
840
20
56
75
14
840
91000
1200
1200
7800
86
27
2000
11
15000
2700
4200
55
8400
5200
76000
1400
84
73
1300
710
790
80000
9700
21
65
1900
86000
740
5900
720
54000
21
96
85
99000
97000
250
440
9100
61
37
75
7400
880
7
79
3500
31
95
81
53000
3900
64000
73
69000
92
8200
20
59
92000
4200
46000
50
1400
6800
8000
46
76000
84000
42
710
64000
5500
35
580
91000
86
32000
9700
36000
5800
14000
55
17000
640
20000
120
17000
77
43000
64
76000
54000
30
10000
29000
72
25000
720
520
36
65
6700
35
36
82
270
25000
160
18
67
280
35
5300
66
5900
44000
76
850
8300
33
28
62
13000
77
810
68
70
530
83000
42
74
680
830
6
730
5300
250
5600
640
73
410
45
660
82
150
5800
3400
93
82
6900
34
66
1700
13
5100
8200
100
83000
1300
9200
3000
51
79
59000
74
8900
25
54000
62
3200
32000
71000
88
130
89
8800
7600
3800
12
95
9000
24
96
660
31
530
54
400
54000
620
24
70
100
80
41
340
67000
110
8900
620
170
75
38
740
540
100
21
13
48000
89000
21
68
940
65000
51000
93
41
320
29
4500
69
2300
46
37
17000
920
4500
62
99
80
70
95
51
8300
91
100
130
50000
8700
860
31
810
3200
86000
72
80
280
6000
700
22000
79
22
67
10
91
460
5700
450
8800
880
71
730
79
21
40
430
99
99
470
78
5400
61000
290
77000
64
600
22
820
17000
43000
510
900
6000
85
4600
380
5
120
1900
54000
920
74
99
32
69
22
28
260
11
49000
700
32
11000
89
30
33
58
100
27
42
69000
28
26
65
4600
510
37000
53000
50
3400
88
35
68
9900
9900
71000
63000
11
110
800
22000
380
74000
98000
79000
95
24000
28
8000
14
11000
87000
92
5900
2200
9
6000
99
5700
76000
200
7800
210
93
48
56
63
25
88000
61
450
13000
63
25
870
680
79
36000
80
360
60
20000
1900
48000
59
44000
96
92
53
62
960
75
5000
15000
96
30
13000
4600
6100
9000
280
5900
340
20
98
35
56
31
52
1900
800
11
24
53
25000
20
3800
39
59
89000
66
56
60
530
96
8200
79000
40000
9700
59000
41
73
56
16
17
490
520
50000
45000
36
59000
240
91
37
860
55
7100
66
640
69
73
200
7600
34
6
30
9
6500
96
2500
40
680
300
22
94000
77
9600
64
1700
78000
88
83
49000
54
410
82
19
630
950
70000
42
9000
44
73000
70
60000
53000
5100
93
30
25000
7700
80000
780
45
81
3100
490
620
85000
66000
9000
53
46
75
130
3400
35
51
36000
30000
86
55000
11000
20
950
58
710
630
9700
82000
1300
8200
7900
92
26
8300
94
88000
86000
40000
78000
740
68
7000
3200
95
6
22
71
470
23
1300
9900
48
4500
99000
85
72
56
60
5800
4200
4100
15
3400
88
2800
880
200
75
580
730
74
22
300
35
39
87
35000
62
83000
29
44
87
200
4600
440
82
980
42
2300
44
62
940
3800
8400
54000
7500
18
50
93000
3300
73000
73
34
73
19000
32000
330
500
7
61
740
11
7800
25
960
4900
2700
31
6300
89
21000
570
500
8800
1200
650
640
26
3300
650
82
60
77
18
86
8100
420
79
42000
73000
100
8
70
7700
2800
63
2600
3800
38
8100
130
14
6200
680
800
98000
38
70000
3300
34
2500
64000
74
5300
320
9000
27
56
8
1200
62000
7
20
30
28
8
6400
9500
30
55000
74000
49
90000
480
870
400
72
76
23
46
21000
5000
200
59
77000
760
38
8400
40
7200
13
7000
86
94
51
540
840
9900
980
63000
950
10000
590
7
8900
94
6600
920
25000
6700
500
70
790
7400
3900
5200
5
46000
830
32
65
56000
71
21
11
300
85
24000
320
11
30
320
5
600
2400
850
82000
10000
40
93000
3700
490
620
800
30000
3500
360
72
48000
8300
33
91
37
61000
280
93000
6300
31
12
840
50
26
38
55
900
350
28
86
7
7400
30000
96000
87
27
88
85000
7
15
75
19
72
91
470
220
34
8800
81000
780
940
940
460
96
32
95
63
79
24
2800
230
70
380
32
46
2000
49000
77
880
130
4000
20
43
180
7800
84
59
20
86
98
210
74
47
94
11
420
310
61000
54000
3300
40000
7200
46
11
220
660
96000
66000
160
54
610
33
13
94000
31
85
870
3700
780
52000
61
93
90
31000
6
48000
98
43000
9600
21
35
24
6200
63000
100
39
30000
600
26000
9800
31
5000
1100
11
530
34
9900
75000
30
530
390
30000
27
450
210
15
42
5
91
44
91000
85
3900
940
860
81
8000
680
430
560
87
1500
26
55000
12000
100
5
91000
36
60000
73
3200
99
97
920
710
840
54
59
51
500
73
68
40
2700
550
25
810
6300
16
35
81000
82
82000
95
98
73
87000
7800
720
39
37000
260
100000
69
17
44
58000
45000
25
4200
52
540
82000
94
72000
67000
840
1000
39000
60000
29
230
59000
360
35000
4700
670
840
23
8600
36000
12
81
520
62
62000
37
2800
11
66
630
2100
700
51
14
7400
65000
62
15
63
470
99
25
320
19000
25
72
88
61000
6100
84
37000
7900
89
1700
43
9600
17
17000
380
55
4300
43
50
61
750
9700
33000
4900
87
660
55000
74
53
27
83
77
960
640
14
1500
510
200
81
78000
810
88
350
12
9
44
8000
660
240
75000
470
7500
14
940
74
240
1200
9800
66
49
70000
6000
62
44000
76
69000
800
53000
15
2800
790
66
730
75
9
58
15
38
49000
25
17
7400
2500
29
80000
99000
10
9800
160
8100
110
55000
1900
28
51
15000
17
780
610
2800
66
260
83
71
69
99
380
21
47
46000
65
98000
66
7900
140
950
660
59
43000
60
2600
940
4300
59000
44000
11
74
50000
9900
56
49
420
2700
110
40
5200
79000
10
630
1100
6000
650
3800
95
340
960
680
68
19
6200
40000
1800
450
5400
9400
79
160
530
660
630
45
20
3600
760
100
15
45000
58
32000
96
25
470
84
72000
8400
45
24
74000
65000
3000
1000
2800
23
96
81000
36
660
7
54
83
62
870
85
61
100
33
9400
53000
890
5500
5
1900
38
81
73000
530
61
63
1400
