22
70
48
12000
630
70
54000
110
6200
4
4
8
9
9000
360
5400
2400
79
16
10
2
600
6
9
3600
3
49000
21
130
24000
6
290
56
3
480
5
200
37000
6300
105
300
7
2020
23
4
860
21
7
1000
23
745
81
4400
9
22
50
8
560
9
100
380
63
190
420
13
6500
2700
330
7
34
140
120
1200
300
310
6
190
1
29
43
100
210
3
1800
1500
22
432
56
670
60000
7600
440
70
5
97
9
7000
870
500
89000
1300
97
2100
4600
65
41
8500
10000
10
38
11
11000
18000
37
55000
39
6000
12
41000
2
200
140
54000
90
3000
3
13000
42
52
330
440
74
33000
380
5
12
3300
1600
120
31
89
2900
1100
1500
26000
45000
20
2500
2
530
14
19
23000
40
5
290
110
9300
72
43000
11000
18
65
81
11520
5
890
44
1000
43000
39
280
500
83
4100
9300
33
680
100
10
95
800
3400
1000
8
1
4
1
7000
11000
230
20000
29
22
2
96
9
11
110
13
2
2
120
52
380
46000
2800
21
10
1350
1500
20
29000
18000
63
1100
120
660
630
4900
9000
9
15000
7
27000
5200
13000
42000
130
110
32
57
2200
356
9
13000
20
24
27000
5000
18000
18
170
1010
5
14
6
450
15000
11
5
11000
3800
930
130
570
1000
200
2700
530
5
300
30000
360
13
300
94
2
11
1170
9
72
1500
710
19
25
8
600
4
12000
4
7200
554
69
300
4
250
27
1600
14
28
3
1900
6200
17
56
5
1600
3
17
46
400
5
5800
14
61
46
40
860
290
2300
2
18000
21000
1
19
26000
4000
370
270
30
13
6500
1040
32
5100
40
13800
19
7000
100
3600
46000
77
40
670
39
16000
1
31
200
4
210
510
2900
39
58
3
10
439
3100
70
59000
1300
67
23
2600
500
2000
37
10000
470
1000
35
260
7300
4200
2
130
71
6900
16
210
800
9
950
5
6
4000
6
37
43
40
8
4100
55
19
20
47000
35
13000
8900
570
2
11260
4
49
3
14
5
3
39
660
200
7
21000
23
6
65
61
2
51000
5600
92000
30
29000
54
34
1
34
110
600
2
77000
10000
110
6000
900
5
40
11400
320
4000
59000
152
120
9
19
19000
160
12000
47
900
38000
5800
550
1
3200
61
2000
200
2400
61
3
73
20
45
100
9000
130
35
110
47
0
1720
6
26000
660
400
14
42000
270
62000
3800
15000
30
1
540
17
820
1
430
39
302
9
140
0
54
17
700
32
3
9
55
29000
3600
90
80
2500
560
11000
0
6
60
57
13
26000
11
7
48
7
2820
100
65
49
3500
53
1000
6
406
8
1860
13
220
20
5
56
520
10
12
6
15
80
20
1
8
150
480
145
63
70
25
19
600
330
16
680
4
89
1775
24
10000
3510
5
3
370
5
25
1
3
4
15
8000
1
73
80
13
1100
140
12
10
60000
20
2
11
14
23
530
30
2700
4400
38
11
1700
23
1500
4300
1
8900
49
60000
22
50
410
8
300
890
3000
1000
11
560
3
25000
1200
12
10000
33000
900
33
130
28000
53000
41
95
151
17000
80
220
6
68000
12
1300
3
990
10
6300
91
1
44
14
43
20
2
9100
85
1400
19
9
330
360
17
340
140
660
33
15
440
2600
2600
510
36
31
67
416
9
11
970
1900
7
2020
1600
1
2700
310
11000
19000
2
1300
12000
1
3800
20
1
20
95
8300
630
5
230
12000
6
160
10
1
3
46
2100
69
350
48
102
9000
12000
100
170
33
33
86
4900
44
1300
280
54
20
2600
18
13
73
710
11
65
7500
32
10
350
900
15
34500
17000
122
1300
220
67
5100
2
5620
3
42
4
41000
400
16
300
665
24
5
5300
280
3100
30000
4600
2500
6
9
9
6
3300
16400
6
60
34
4200
3100
155
69000
4
38
250
25
16
8000
3
39
72400
13
24
530
20
480
3
4000
100
42
1240
150
67
3300
2
10
77
3400
2
170
4
36
17
89
4
8000
1100
5
79
9
180
64000
6000
80
3600
9
350
4100
240
2300
32000
4
27000
190
120
510
1200
387
10
1900
730
190
7
6
7900
40000
39
35
51
9
7
1600
220
860
56
3200
56000
22600
2
16
7
100
38000
100
1500
12
23
85
150
8600
5700
33
33
43000
62
4
6700
2
8300
1100
23
33000
209
12000
5
1
20
130
57
2200
1
31
11
5
48000
31
100
49
15
13
9
960
11
25000
710
3000
1000
2300
360
3000
440
43000
200
890
51000
60
2
240
30
330
92
24
590
2600
6700
27
29
12
21000
8600
21
88
2200
17
21
73
90
3700
28
14000
18
13000
32
20000
480
6
26
11
1100
93
10
7000
19
27
400
1500
150
45
200
19000
20000
67
28
84
6
940
42000
1
20
15000
460
220
77
15
5
80
4
25000
37000
1
800
17
495
8
2000
31000
9
56
1960
28
1300
100
5
75
38
600
18
1000
36
40
220
110
1
170
4
1400
17
9600
10
160
290
3900
37
12
38400
250
190
38
7
12
8700
275
26
3
48
170
62
500
82
5
35000
15
100
619
710
8
10
3
4620
3
21
920
150
190
23000
14
23
1
31
2
6200
15
5900
2200
25
11
240
3900
8300
5400
620
14000
11000
16
40
30
41000
3
7
12000
16
14
10
28000
206
26000
68
5
3700
49
600
23
87000
50
31
68000
54000
6600
11
8400
70
190
6800
1
280
88000
15
15
4
120
46
4200
10
7
520
39
720
2400
12
79
500
290
7
78
800
18
7
50
25000
95
41
120
1
2
35
14000
3
36000
93
90
28
700
14
4
31000
24000
45
3600
21
30
13000
2600
5
4
1500
1
440
66
23000
43000
500
1300
1300
77
110
66
228
32
23
5
200
16000
3600
10
710
15000
10
62
39
9100
3800
1300
4
8
0
3
246
2100
5
4
12
51
1310
3
63000
39000
500
36
26000
17
1400
1
250
1
92
3
680
84000
730
2100
2100
67
7
1000
840
21000
27
16
7
80
15800
10
39000
16000
132
11
4300
5
46300
28
5100
1
9
95
57
3
59
7
23000
11100
3000
27000
2
11
7
10000
1450
4
220
40
8000
440
2
22
2000
9
24
5000
550
2100
220
600
13000
2
412
20000
2100
600
91
160
300
13
3
1
56000
710
3600
11
47
18000
11000
35000
8900
53000
160
410
1
95
2300
17
240
24
10
338
39
800
200
440
160
43
32
60
2000
790
570
140
7
6
60000
3
400
45
227
1000
450
6
4
360
19
120
12
11000
14
25
6
6
16
4
205
390
53
160
35000
13
8300
160
3900
77000
9000
16
59
12000
480
33
1600
16
61
7
75000
70
3700
1400
27
840
18000
28000
70
34
1400
82
7
35
3000
190
480
43000
43
400
39
35000
19000
29
6100
130
90
110
1000
490
315
24
5300
95
48
12
16
1500
11
8
26
240
3
2
91
39000
800
3800
41000
28
94
5
640
7
22
5
36
120
458
5510
11
84000
8
380
22000
12000
4
2
59
420
14
40
500
14
2200
80
15
3
180
15000
2200
25000
72
14
140
6
16000
2470
96
5
25000
37000
4400
50
28
29
350
3300
2700
2100
57
8600
17000
3000
85
830
580
236
58000
970
7
1300
2
11
23000
30
26000
500
500
440
7
360
9
1
14
4
4300
13
1790
130
32400
26000
8
6400
3800
34
800
59000
37
57
563
4100
250
7100
11000
200
2300
20
31000
11
17000
330
16
56
12
38
31
3600
3
39
270
5
30
50
8
113
100
25000
1
230
2400
4
600
156
50
82
4
78
4300
600
22
350
21
30
3700
46
55
14000
48
32000
290
1400
330
8400
48000
5
2
42
62000
6000
11
2
269
6
380
190
15
5
8
100
57
71
8
5400
16000
4
1300
580
5
7
64
11
12000
40
1400
2600
210
13
42
620
4000
32
8
36
190
5
2100
330
1
49
68000
850
7000
220
8
570
460
20
220
33
7
900
39000
17
3
11000
28000
63000
7
3540
9
33000
7200
1700
4
54000
500
120
250
13
210
16
4500
10
85
33
350
10
32
35000
2500
33000
5
2500
55
98
5500
37
40
24
3
43
3
1500
580
17
5400
820
25000
20
5
5
28000
32300
3
12000
14000
21
37
1100
110
31000
93
23000
63
5
3100
5
410
4800
47
720
5
6800
300
210
1000
480
7
3800
7
3059
2
1700
2100
31000
30
41000
9000
350
3
4
3800
20000
28
100
6
73
11
75
53
39
1700
35000
9
70
36
2
1600
120
16
540
14
3100
430
13000
170
13
3
76000
14
167
8300
680
6
22
12
2700
13
800
16
38
600
140
2330
31
4
2100
130
28000
4
5000
45
28800
5
1200
19
100
1300
12
13000
34
400
25000
24
1900
300
5
1
11000
1370
60
63
80000
340
3
14
420
39000
48
4900
2400
4
65000
13000
35000
3270
1400
32
4100
3
130
1100
300
1
510
1740
1900
2000
330
7800
8
9
14
3800
5
28
145
3630
5
8700
32
16
610
840
8
52
31000
88
210
680
250
940
26
42000
3100
5
2
8
220
9
5
93
59
2
35
22000
2000
20
3
97
260
43
5
17
5900
400
9
5
17
9
5
6
87
4
37
520
11
3100
25000
16200
1300
1600
33000
620
100
79
1
83
1
12
5
55
140
13000
5
2900
21
4200
37
9000
2000
0
29
210
0
3200
7580
26
23
170
5700
240
31
490
17000
2200
7400
460
250
130
80
28
3600
17000
1
34
280
190
6
14000
310
32000
10000
1200
800
45000
800
1000
10100
11
8800
88
110
50
17
950
6
50000
870
1400
470
300
21
91
4000
562
1
9
580
10
5000
600
400
900
72
10
110
5600
3
98000
700
3900
3200
1
1500
17
100
350
14
4000
2000
1400
4
3
8000
0
21
37
55
7800
9700
11
370
2500
1400
3
10000
10
51
1500
6
270
8
200
6100
57
1900
60
11000
100
4100
4
15000
22
12
3400
110
900
279
3
370
460
39
3900
25000
7
83
630
51
17000
64
8
7300
81
540
1400
21
1
8
210
21000
860
11
520
1000
1700
760
600
29000
510
1300
51000
1
820
10
4500
92
46
23
2
13
5
27000
5
7
17
28000
73
14000
3400
14
1500
11
25
100
2620
520
27
3600
320
66
940
16
4
1000
9
53000
11
34000
28
33000
47
1500
19
5000
100
3
570
80
10
15000
45000
1000
9100
14
58
2400
17
230
30
3400
720
10
3
240
2400
4400
12
7
1300
1900
9
7400
28000
2
37
75
62
18
3200
3700
65000
27
77000
30
1700
56
229
19000
24
21
1500
9900
300
1400
700
79
100
83
320
11000
45800
35
3
630
1900
22
490
150
6
10000
62000
16
620
800
2
6
2
5700
65
28000
69000
35
3600
13
22
6700
250
13000
410
3
10
0
15000
21000
790
34
10
750
15900
1400
12600
58
50
460
13
350
200
6200
49000
7
51
23
18000
25000
73
59
200
58
1
6
56
28
3400
140
12
27
180
420
900
120
40
8900
70
210
5200
8
47
77000
4
49
47
27
10
40
250
1400
820
750
14000
45
81000
43000
7
16
12000
4600
34
510
48
3
6
5300
3250
560
27
740
170
740
100
17
18000
60
3
500
6
55
9400
4
21
640
110
1900
180
980
15
280
19
500
29
15
2000
6
36000
10
320
22000
80
49
140
3
170
20
9900
200
89
10
1400
36
7500
5
880
580
15
100
26
12
20
380
22000
69
8
2800
30000
53000
4
3000
19
11000
2700
2
220
22
8200
10
510
64
1000
1810
45
8
1200
1
53
16
9
72
84
57
250
560
120
7
16350
16000
96
3
4000
1800
2000
14
1
15000
11
4
5
33
17
9
330
13
2
3
1
32
800
2000
9700
69
1000
8
240
57
14
11600
4500
1000
5
31
180
270
7
7
20
81
24600
90
6
64
51
12000
8
40
140
81
270
1000
320
530
76
140
79
51
1300
1
410
81
9
12
11
50
2
2
33000
1500
720
2000
740
1110
3
4
40
130
400
180
5
30
14
42
1200
280
11
25
41000
8
90
12
7000
27000
16
15
2
600
40
44000
14000
50900
3200
4000
64
66
4000
6
63
230
24
900
27000
1
0
200
18000
5
5800
3320
78
2800
10000
100
600
11
28
270
2700
24
9600
34
3100
8700
59
9
69
26000
300
3
2300
4000
15000
35000
4
580
5
7000
43
10
22
35000
53
4
4000
46
540
13000
3
3000
10000
1
9
5
12
44
40
21
9
42000
16000
280
100
5
100
640
1800
52000
30
24
14
55
7
100
19
6
14000
18
1300
5700
1
30
1500
1
1
2400
38
4
27
24000
2300
4500
3
18
0
21
19
38
73
510
1
25
2200
406
10
2
5
43000
76
182
78000
380
36600
61
1600
106
700
34000
860
6
3
3
440
41
0
17
1400
39
23
56
52
14000
1000
8
320
82000
950
900
1
2300
11
39
2
200
180
29000
700
5
22
580
16
5000
3300
100
75000
40
190
11
1
2800
20
1400
5400
6000
1600
11
53
6
36000
37
4200
12
33000
437
521
7200
10
18
12
56
8
438
43000
67000
40
11
20
66000
20
6690
3170
540
15000
1400
55
13
5
91000
53
2139
28
3
7
8700
250
120
28
1
170
1
450
210
28
44
200
91
3
200
130
21
51
1
1
30
0
820
4600
35
57900
580
31
10
5600
7007
7
32
6
20
2000
3
1300
3900
43890
39
380
29
48
13000
11
9
4
7800
2
17000
280
5600
41
3400
130
2700
2200
16
20
3
86
20
2
24
680
370
53
22
43
31
177
25
37
360
2
5
3
20
210
7
7100
7000
20000
31
4000
310
94
84
70
20
6
13
22
2
0
10000
130
48
12
34000
86
22
7
14
237
12
2100
4
87000
41
170
1100
3800
12
590
14
980
7
250
3700
8
77
40
460
1
8500
120
8
27000
9
1900
40000
250
280
85
34
58
619
76
69
2
35
160
10840
49
200
11
1500
1500
630
8
5600
78
10
9000
53000
800
51
100
800
190
38
17
35
1200
390
17
44
900
45000
84
530
660
1900
2
13
770
83
100
3
5
48
14000
36000
35
40
49000
22
59
5000
4640
14
83
1600
250
1000
960
51
240
30
28
30
570
1500
1
0
140
790
30
13000
100
1500
21
0
6
19
3
220
1600
14
10800
5
6700
200
370
5200
22
232
4
30000
2600
11
63
18000
15
19
49
4
43000
78000
4
20300
24800
1450
430
20800
18
1960
4
27
3700
8000
9500
880
7
110
65000
45
18
6
250
8
36
1900
42
2
980
3200
16
80000
2
8900
5
20000
60
400
17
23000
13
67
15000
300
3
92
5
1000
82000
79
570
1
60
6800
2300
5
31000
2200
54
46
78000
21
960
21000
310
59
46000
98
7
7
10
4
100
800
86
1
3500
3200
180
90
330
41000
29
700
600
43
19000
4800
11
440
18000
33
6300
66
2
6
65
50000
300
750
18
39
21
790
91
3000
790
50000
9
45500
336
200
81
5
1400
1800
41
140
1
670
82
3500
820
13000
730
550
40
19
1157
8
22000
6
7500
30
1800
6000
9900
7
25
40
8
9
9
14000
3500
1800
3
7
61000
45
660
8
7
25
2
48
16490
17000
3300
1300
41000
9
775
4
4000
24100
8800
6
3
8100
2100
54
7000
37
300
36
30
10000
2300
800
8
1
5900
140
21
2
45
35
5
110
1
73
28
12
19
6200
29
170
180
1
10
33
4
7400
5
22
3
4
26
24
990
8000
69000
3
10
8
63
1
96
9
11000
2600
180
2500
110
84000
6
17
13
28
2
4000
10
17
7
5000
150
860
100
33
180
4
4200
15
7200
6
6
9
123
1800
40
56
1500
7
63
679
4300
60
79
22000
160
129
20
2
1200
7
11
2
34
14
96000
300
2600
5
4
1000
56
6
1
10
1000
2
23
20
63
15000
15
2700
200
17
2500
3
9
35700
1
16
63
45
1500
21
44
540
2100
820
2
29000
96
2
21
18
8
3
3
1
23000
110
360
4200
80
380
1700
4600
1230
220
6400
6400
28
4
16000
9000
7
27
20
3
370
2
84
2
480
95000
12000
10000
31000
3
300
1
93000
16
14
34
390
69
6
83000
72000
1000
1
34000
13
90000
21
4100
2400
24000
60
1400
86
15000
52
260
39
68
21
60
32000
290
690
50
7
46130
1000
1
770
580
72000
59
6900
30
38
26
75
57
45
2600
52
5
7
110
35
26000
28
3
31
310
390
9
2200
39
2980
33
150
38
1900
2400
34000
280
72
1
27
14
110
840
20
66
97
230
7700
1000
6200
9600
7
360
1
1900
38
3280
320
22
43000
28
15
11000
20
60
1100
16
300
150
0
72000
5100
210
2500
8900
560
11000
32
2
2700
4
11
560
20
62
27
10340
15
6
240
17
460
40000
74000
54
16
6
20
23
3840
130
9200
5
390
391
240
87
68
6900
50
12
22
29000
410
77
6300
170
35600
200
35
18
92000
7600
20
180
3100
1000
26
3
80000
9
13000
70000
21
58
1400
17
104
10
5
113
89
200
200
2
49
72
17
47000
69
11
5800
93
1700
29
110
15000
4200
520
380
1500
270
360
11000
360
4
11
22
3
3
5000
140
70
39
1500
25
980
12
6
5
11000
60
4
12
3
3
80
20
6
840
1200
3100
3900
173
419
52
24000
9
2
130
90
6900
2000
28000
3680
76
93000
5800
98
6800
80
3
1900
100
22
28
10
1
1100
6
12000
300
4400
460
270
64
660
3
4300
1800
25000
910
83000
71
300
4
7
4
1600
1900
1400
100
77000
0
110
16
3
200
8
8900
12000
60
230
10000
19
6100
400
4
950
160
11
28000
59
59
20
36
740
11
15000
24
39
25
1
34300
85000
3
47
15
110
52
420
1700
410
41
5200
206
190
42000
15
55000
37
20000
26000
6800
85
14000
76
1000
18
960
150
29
7000
5
64
52
22
46
250
8
10
2
3
9100
1500
33000
780
41000
72
100
7
15000
7500
14000
160
15
660
110
350
5
910
960
85300
18
120
10
8000
9600
56
940
7000
6
4
20
35000
2000
1000
90
2300
140
96
83
35000
9000
82
800
61
540
43
3000
6600
150
19
13
37
25000
16000
26000
8
160
160
4100
5900
3000
330
1
19000
80
98
24400
7
7
16
6
38000
11
28
51
44000
15000
170
20
2
93
27000
80
27000
5
49000
7
12
230
2400
16000
4
6
1800
300
47
9
11000
2
4600
60000
940
36
710
25
5400
34
4
470
18
35
1900
8
9
47
4
3700
830
5
7000
40
21000
3400
11500
280
1100
47
430
35
2300
1000
2400
1100
880
4
200
1
4
40
9
14000
100
5
15
4
65
2500
5
16000
5000
52
32
1
89000
240
5
50
180
25
18
5
81
34
20
82
17000
1
16
42
320
14
840
4014
120
6
536
388
14
10
0
20
5
6400
3
610
100
510
82
2
98
9
24
30
1600
1
330
30
230
333
20
2400
21
17
29
14
23
6
4
370
64
360
54
3100
94
710
2
2700
11
33
2400
34000
12000
174
5
4400
430
180
30000
1
24
8
43
10
1300
3200
2500
33000
3
4000
45
1000
11
1
850
15000
7000
170
5500
850
2900
17
18
8500
110
8
17100
700
310
4000
5
1100
570
9
18370
37000
36
41
530
5
730
18
7
23
100
21
43000
5
21
40
1000
39000
2000
140
990
25
15
320
91
170
30
26
4000
1200
2500
4
6
790
2800
200
7
2400
11000
38
2100
45000
20
65000
10
3800
44000
55000
120
5
24
19000
5
140
8600
230
2100
14
270
15000
20
40
20
10
27
8
20000
6
920
46000
1667
1
4
16
9
12
56
2400
1200
79
220
72
10
11
20
2400
71
54
210
0
5500
2
9400
4300
1
14
1100
1
17
110
170
5
43000
13000
16
149
6000
2100
34
109
15000
31
220
970
3200
11
20
3100
170
200
19000
1
18
80
250
500
20
21
37
18
28
50
100
27200
3110
6
8
22
24
1600
11
11
610
1300
15
1200
40
24000
3600
46
1600
15
42
63
380
26
14
360
1500
67
27000
83
78
390
680
1000
9
28
1500
7
350
600
15
2
2300
74
11
19000
49
700
1700
390
4
2
15
4700
500
800
370
23000
1
1970
40
100
7
2400
330
73000
10
2000
88000
15000
22
70
6000
13
3
19
21000
17
8500
80000
40
26
460
100
14
8900
4000
120
5
7100
40
290
1000
810
96
17000
8700
27
30
310
140
5100
38000
9
9
5300
9600
35
148
18
540
1
1370
95000
250
5
300
2300
710
1700
19000
56
100
6
1400
30
30
1520
40
81000
27
15
6
45
850
10
6
22
17
1700
320
15
900
77
190
1200
220
100
70
9000
82
28
86
32000
23000
38
1300
240
200
11
250
8
5
30000
53000
30
6700
270
48
140
53000
34000
60000
180
260
10
29
9
390
34
15
2900
4
3400
37000
32000
22
22000
29
250
4500
19000
33000
30
32
23
190
660
75000
7
26000
300
24
10
6
8
18000
520
13
44
12700
2900
13000
70
1600
840
20
4200
420
56
2400
21
5
5
15
770
20000
160
15
7
71000
4500
1500
25
170
9
28
70
620
7
1
620
100
4400
110
16000
25
300
440
14
21
490
560
62
1900
16
34
3
12
7
67000
1800
130
2500
480
5000
460
1
3700
1300
8
45000
2
5600
55000
920
85000
2500
6
29000
85
25
1
3039
18
57
10
4300
3
43
1600
130
283
14000
43
89
1700
350
11
37
8
2700
77000
96000
409
2320
81
440
13
6300
9000
16000
17
6
72
6
27
2000
1200
39000
11000
11000
24000
136
120
26
7400
2
3560
15
930
18000
14
260
1100
18
44000
17900
5
5
35
300
16000
4
50
74000
11000
2
929
35000
2
13
200
13
27000
300
66
27
9
3000
250
78
60
1800
17
2200
500
28
50
55
19
39000
21000
31
28
34
30
20
1100
870
100
35
14
760
16000
2400
85
13
9
9
31000
260
100
2510
6
39
4000
3
2
980
6
48
5
85
130
1
70
4700
5
30200
5
15
2
280
270
34
27
1500
2600
16000
520
53000
55
1500
16
10
30
13
28
15000
52000
500
18
31000
400
13470
35
7300
2400
3
72
12
160
4
2
20
10
31000
88000
740
32
2
100
3400
66
11
5100
11
3
770
30
18
49
190
42000
200
300
73000
6
15
54
28000
660
21
6
380
1300
1
310
1500
300
800
9200
40
2200
240
110
6
720
14540
4400
69
374
3
71
1500
650
470
530
31
3000
48
1400
2200
44
3
1
30
1
5
6
4
36
11
280
85
380
3
240
76
76
79
30
5100
4951
450
90000
22
220
750
1500
720
200
1400
4
76
3100
1
8
2900
1100
2300
2
33000
35020
470
14
100
10
5
47
150
130
670
44000
3500
30
31
22
4400
1100
39
7400
39
1900
440
70
1
35
440
5
9600
14
3
7
2800
6500
24000
14
6000
2500
5
9
310
710
45
13
110
26
52
19000
22
17
900
51
7000
51
3700
2
4
3600
97
85
43
26
340
9800
1100
38200
25
89000
74000
200
4300
64
1200
7
64000
32
3900
170
5
7
250
14000
10
4
58
15000
6
8
19
640
380
1
35
850
20
11
34
59
6000
84
16
23
1
25
1
380
260
18
11
9
2
11
14000
86
3
120
1
16600
36
6
6000
85000
5
120
11
47900
270
8
777
35
37
48
5900
92
10
21000
89
74
500
1700
74
170
110
18000
27
30
160
1200
3
228
13
60
2700
41
1880
3
14000
18
33
8
120
19400
8
9
10
81
42
5
130
560
46
36
490
3
4
56000
28
29
3420
270
16870
640
2160
26
820
86000
260
21
8700
390
13
24000
920
2600
18
20000
22000
3
9
300
2
12000
4500
8
5
33
10
3
27
2
6
90
6000
7
1100
790
200
33
5
780
5
5300
98
120
1700
21000
1760
46
1600
14
180
2
75000
11
2
16
14
2900
78
7400
43
3
380
4
31
540
16
61
83000
53000
110
256
11
19
4
3600
1419
1000
4
3100
18
730
23000
32
2
5
6400
7
30
17
2500
15
18
1100
6
200
1600
9
8000
88
2100
1340
6000
20
79
320
4000
190
130
24
3
9
4
31
8500
690
6700
70000
18
77
24
970
5700
51
150
39000
1200
26000
72000
300
7000
600
90
16
240
270
32
1100
6
8300
3000
550
70
630
5
31000
4
46
16
2000
65
56000
2
470
93000
6
410
1
3
6
39
350
3
11
1000
940
16
740
7
25
78
9
6500
55
2
11
33
70000
1800
210
10
240
67
18
9
25
51000
2
48000
26000
2
6
1600
9
63
94
37000
3700
49000
16
66000
14
75000
250
400
6
8748
1400
4
1
190
9000
4200
2500
950
810
75
55
16
3400
0
13
36000
540
14000
11000
78000
13
100
28000
5
28
11
25
170
11
23
28
33000
15
20
55
52
3100
120
28000
19000
1
7800
3100
27
87
6000
13
9
1
21000
17
7700
3
130
17
9800
9
6800
780
420
200
39000
21
14000
14000
4
51
35000
13
12000
1900
420
490
40
170
31
13000
7400
2000
22000
1
1
270
7300
52000
10100
11000
5
23000
5000
6
10
600
2
6
21
18000
25
68
37
26000
54
9000
380
45
49200
26
100
140
1300
710
680
89
340
3200
16
6400
3
12
20
56000
200
220
30000
190
4200
1
140
550
4
3
12
15
15
1
50
40
20
12
160
29000
72000
5400
73
580
13
800
1
2
71
27
550
52000
5
250
82
6000
15
12000
11
8
2
39
32
1500
460
200
1400
55000
5000
6
3
16
59000
2
120
240
1
30
29
490
20
2
1
54
15000
46
2300
90
7
16000
19
2200
300
22000
14
49000
3
45000
121
700
180
29
13
1000
3
520
2
80
220
70
2000
412
1000
4
260
10
2
680
28000
660
560
261
1900
4
5
63
20
6
5
540
9000
2
35
6700
25
1600
16000
51
9800
22
1
6
4000
27
1500
470
34000
650
15000
12
30
17000
6
17
70
2000
4
18
58
630
19
52
10
1
387
800
93000
270
74
85
15
60
48000
2
33000
350
58
47
1200
90
1400
52100
16000
4
20000
6
5
12000
3
32
33
2900
5828
69
18000
130
8300
2
70
56000
17000
60
800
38
710
220
29
1
20
6100
27
3
5100
23
3000
55
23000
300
4
70
70
4600
5800
1000
220
90
6100
2
4
82
16
320
6000
1530
2800
10
420
190
500
160
1000
13000
160
1700
18
3
87000
110
530
227
46
290
1
140
0
1700
1300
11000
7000
4
130
16
68
3
210
25
79
5
51000
7000
19000
140
280
15000
4
32
700
11
10
21
5
35
48
28
5
17000
7570
230
150
41
1553
360
99
25000
15
4
25
49200
15
30
60
9
74
19
24
16
4700
1900
7
5800
3000
83
8
220
19000
13000
1300
3
1
2
46
15
25
5
3
500
9
14000
9000
1100
110
42
85800
10
32
1500
500
4
2200
66
1
102
53000
26000
21
118
90
3900
4
110
74000
5000
4900
2500
75
19000
200
26
19000
60
3200
12
2
17
3820
59
24
79
1700
25000
7300
540
3900
3
420
620
1
4900
67
6600
19
5300
7000
129
81
33
3
2500
280
180
460
2000
8
1
7600
5
2300
16000
16000
18200
2000
8
14
54
3800
220
11
3
110
800
20000
4
1900
3500
89000
83
17
60
2050
100
37
56
55
870
30000
119
320
29
340
66000
26
16
21
7100
270
5
4200
400
30000
28
400
1
60
44
1
200
5
1800
13
15
21000
55000
830
98
12000
65
3500
14
99
1
5660
8
390
22000
7
1
22000
28
27
26
2500
14000
18
5500
3
720
19
980
5700
16
1100
11
8
13000
640
4
25000
37
3
160
300
9
1
8500
2
36
310
24000
8000
140
100
3
1
10
1290
12000
11
160
250
1100
600
210
3700
11
55
83
4600
4
42
1
30
8
210
130
19000
8200
190
99
380
900
95
1
160
30
100
130
200
17000
12
700
10
13
260
44000
100
27000
170
83000
1000
5
4400
500
20
6400
1200
110
18
5
63
1
310
4600
3700
25
43
3400
22
2000
400
40
17
54
1400
110
9
7
52
23000
190
13
9
1
9
110
32
17000
2
28
1
81
150
4
61
210
33
25
62
39
460
19
3000
6
10
450
66
6
42
18000
22
4000
23
44
5500
24000
5
2400
20600
280
23
2
1300
480
7
520
42
1
27100
94
4
180
2400
73
9
220
21
4
99000
1000
550
130
1400
80
74
63
30
6
690
89
28000
78
29000
42
3000
60
10000
59
34000
180
73
7
10
49000
1
10
17370
5800
1740
3
32
63
1400
14
1100
4000
1200
10
12
23
12
12000
43
8
17
57
12000
3000
6
20
1
31000
61000
2000
200
2100
360
18000
60
25
29
18
6300
1
22
6
33
1000
3800
330
220
45
94
17
210
4000
21
9
240
3300
240
41
0
20
2200
14000
7
830
13000
0
30000
1100
39
610
18
18
2100
9
7
25
1000
76000
590
1700
4
340
2200
39000
63
4
9
28
10000
14
4000
4200
83100
0
710
19000
11
73
30
1400
20
6100
7600
100
1
950
15000
50
13
110
97000
310
8000
41
7200
63000
560
17
4200
5
30
14
1500
11000
2600
200
110
10000
4
6500
4
1100
7700
530
14
18
2
75
210
9
17
6
80
13
7
260
50
32
300
28000
6700
60
260
270
6100
26
370
17
3
22000
1
27
3900
7
6100
5
7500
34
1700
520
6000
46
23
22000
2
18
70
100
32
3
13000
150
80
6
340
1800
2000
24400
11000
44000
15
7
400
3
36
7
41
2200
16
45
6
32000
1300
9000
160
9000
60
30
13
5
47
38
800
44
2000
20
27
7900
5
240
29000
3000
9600
3700
94
11000
33
99000
21
25
5000
650
2600
4000
12000
82
93
30
350
62
27000
9100
180
14
14000
28
27
3
23
1100
13
7200
46
7
2
16000
620
5700
17
8
1300
24000
7
10
10
9
1100
40
55
3
70
25
1959
2600
5300
8
1
10
180
5
3
5
3
960
620
7
6200
480
25
8
160
39
1900
2400
4300
5870
500
340
1000
45000
62
9600
900
143
900
67
12000
1200
9
72000
280
13000
17
94
60
62
18
52
340
80
1000
140
62
85
13
150
5500
37
15
9
14
500
3
3120
30000
5
510
20
2000
0
3200
1500
2100
19
8
43
4300
21000
5
12000
2400
9
10
63000
54000
1
50
6
24
250
36
8
91
1300
42
14
6
4
800
160
18
160
63
2
64
1130
59
540
900
20
37
4900
470
12000
11
880
10000
15
48
22
10
3
5700
2500
38
540
2
15000
8000
1300
190
4200
48
370
570
2000
33
1600
460
5
8
68
13
466
16000
20
1700
25
71000
18
120
430
82
74
1000
530
6
230
22
16000
43
23
99
9200
12000
1
16600
2200
28
8900
210
3070
2100
9
8800
410
10
180
2700
440
110
490
2200
91
25
1600
48
170
42510
2600
44
17
34
20
920
2000
30
22
30000
76
230
8100
16
2
95000
6000
33
10000
21
520
3
110
3900
4
220
8
420
6200
38000
91
3
95000
1000
16
18
91
35
9900
890
80
6
71000
67000
15000
6600
61000
85000
1700
4
2100
2200
5
790
530
2
38
43000
2800
10
3400
90
210
14600
4
620
4
218
11000
42000
3
1200
33
100
605
25
12000
7
34800
4
16000
17000
17
6000
200
11
24
120
1500
1000
35
20
2900
16
19000
10
3490
80
17
41
1600
4
8
1700
26
0
27
180
6
1700
6
8000
12000
81
63
2000
18000
4440
12000
31
300
2600
5900
79
190
5
420
1200
6
500
73000
4
2570
69000
5870
2000
1500
37
63
14
2500
30
97
33000
15
11
2300
18
15
12
4100
2
3100
610
21
230
34
28
133
32000
6
2180
21
8
200
12
2100
3000
300
120
5
242
1100
6
5
16
17
7
3100
3
30
900
39
32000
8500
970
11
7400
19
910
100
66000
71
67
40
4
19
1100
23000
871
84
8000
17
600
79
16
3000
1
2300
1800
310
30
21
7000
2000
3600
3
220
110
28000
10000
3
2200
9100
34200
4800
2
57
50
3
10
86
93000
18
9
80
21000
1500
20
460
17
117
17000
5
480
60
350
8
11800
8200
424
640
35
68
175
12
140
7300
256
1900
2
290
14000
26
3
14600
16
6900
1700
500
15
52
27
1600
49
32
21
410
42000
2870
75
4
282
2
160
100
88000
7
29
360
63
24
500
24000
581
7200
23
71
860
6
10900
5700
1700
9
4800
220
12
11
2000
3300
12400
320
11800
1590
51
72000
1290
97
3740
30
390
28
46
49
20700
29000
1000
17
100
2200
3410
8
5000
70
930
2
114
820
11
160
44
13
1400
1000
20000
24
4000
36
26
140
24
430
1000
26
6
230
5
43000
2
4700
120
4000
74000
3
3
58
120
39
26
9
6000
3
1300
27
1500
2
9
90
1300
43
5
25000
170
3
24
160
25
5
82
12
6400
28
11
48
635
72
6
210
349
68
784
111
2
2
520
291
7
30
17
53
8
31
22
900
10
2300
28
3300
22
29000
100
4
150
5500
58
140
170
34
1900
300
39
1500
1500
39
18
36000
27000
1
255
22000
6000
8200
1000
420
74
3
720
250
32
34
6100
200
16
4
4
529
700
250
54
13
420
2
4600
20
6000
5050
4
320
1000
14
6000
38
26
4
22
950
260
9
2500
52000
2
21000
13
570
41000
23000
1900
62
2960
39
590
220
3
200
58
6
390
452
3300
530
13
320
169
56
92
180
600
26200
1400
61
3900
61
32000
69
1100
160
3
2
26
690
300
47800
12
140
22
29100
7000
4800
25
1900
3
22000
94
1000
11000
20000
130
79
9
16
12
2400
9100
38
20
600
15
800
70
1600
35
10
25000
10000
27
6
2300
17
1
620
40
36000
42700
35
110
1
15000
31
160
49
330
51
101
630
46000
50
15
5
18
1
75
10000
380
5000
1900
6
29
44000
770
1
11700
100
301
1640
3
95
31
1
12
1250
410
1800
140
2200
1700
99
85
13400
65
13000
26000
32
7
13
10000
14000
3
37
2
7
52
21900
20
800
460
9
2
600
11
480
260
13
810
18
4000
2
700
9
35600
9000
4
20
13000
7800
10
4400
200
330
15
2700
26
44
1100
6
2000
3400
100
57
69
97
8
7400
100
103
12
690
8200
5
78000
8000
290
200
4
6400
3100
183
4
240
2
5
5500
26
22000
28600
17
7
1010
530
19
34
3300
56
500
13000
275
65
610
5
50000
740
4
84
1770
51
100
3
130
120
9
15
6
41
12
65
4
12
920
1100
57
140
2
160
6600
2
2300
180
5
63
14000
280
8
120
6500
6000
6
250
200
44
240
9
14
10
71
130
25000
1100
420
9
62
800
5
5
44000
17
74000
3100
260
34000
300
8000
21000
95
79
91
15000
600
3
13
4
5100
200
76
25
12000
190
80
2
1100
7
51
46
250
96
83
6800
680
100
110
14
15
37000
122
100
2
120
2
640
9900
99
90
17
18000
35
620
270
7600
29500
49
21
480
52
19000
72
60000
1
28000
210
160
5
28
13000
560
71
1600
190
170
1700
20
660
34000
12
1400
200
150
410
10
189
5
1
3
43
75
550
8309
6
20
58
1
5000
10
280
63
19000
530
4400
90
500
6600
59000
20000
68
3000
71
51
19000
8296
3200
20
200
2
54
1
22
16000
1
47000
42
9
12000
39600
17
49
42
9
8900
40
99000
193
23
260
51000
14
2
180
14
3800
15
24
15
12
85000
2000
4000
240
16
6
62
22000
62000
4
3100
31
1300
40000
17
41
260
30
11
71000
84
32
37
1600
4500
42
13
2600
7000
3600
16
360
60000
1600
3560
12
91000
8
7
340
280
10000
23
5
13
4550
280
200
130
24000
160
84
6000
12000
2
240
15
9
34000
140
940
27
370
17000
69000
3
22
30
2600
55
910
56
13
79
200
1700
61000
32
9000
570
40
210
1400
11
31700
1
450
89
1
9600
70000
3400
630
25
330
5000
10
16
18
100
19000
5
110
64
24
300
6770
32
1
140
7
15
4800
3400
343
20
260
30900
76
5500
6000
500
5
12000
93
140
38
65
8
2270
240
64500
2500
390
2100
530
6
1700
36
12
6
14600
780
16000
1
3000
19000
14
9
1100
183
12
12
6
83000
129
1800
1900
1600
31
900
210
1100
3200
41
78000
210
2000
230
170
183
1500
64000
32
1130
38
4
8
5120
9660
40000
1900
1
380
180
24
19
19
6200
37
4610
59
1800
70000
2500
100
56
14
2
8
220
2
22000
5
8000
11000
38
45000
89
3
52
89
3000
42000
16000
25
1900
9
68
6400
190
620
6
4
18
50
34
20000
1000
22
25
18
7400
260
980
21
20000
20
1
617
20300
2700
14
12000
17
63
1700
280
6789
640
73000
61
90
14
12
31
17
14400
3200
900
360
15
3
60
76
113
19000
9
440
100
7
26000
14000
65000
1
1200
24
400
70
8
12000
0
11
1000
33
42
63
297
91
1000
240
2
3
16
240
9
1
11
280
26
2000
5
20
160
10
19
1
8
65
1
11
33
48
1900
440
133
610
89000
6
1600
1
67
2
21
290
48
610
6
1700
49
280
4
17
17
5700
1900
1700
7
15
1
4
17
26
6890
1800
11
9600
82
230
200
15940
100
90
560
24
54000
15000
3800
12
5
3
15000
16
13000
680
34
97
40
33
38
1
1700
28000
3000
6
15300
0
1600
17
540
220
450
1500
8
19
17
2
4400
6800
240
26000
5700
14
190
9
9400
27100
520
48000
26000
3
10
2500
27
790
9200
1
5
402
34
5
5
8000
61
71000
200
39000
81
70
320
14
19000
3350
27000
6
3
3
19
93
41
9
9
1700
12
5
24000
36400
1
33000
60000
60
2
21
30600
9700
510
13
12000
13
22
620
5
25
4
40600
40
590
5600
29
8
1000
12
55
431
5600
7
620
13
370
90
40
8
4100
13000
1400
20
4
13
1300
31
320
62
4
9000
530
4
74
2
8200
110
480
140
41000
38000
2000
74
4
10
1
10200
340
38
100
2300
20
1
70
1
19
280
51000
1200
2200
32
34000
4000
770
15
16
4600
27
910
1500
11
190
280
70
14
7
17
8
900
0
68
2400
18
28
17
96
3
9000
50
10
5600
920
100
95000
44
1
15
28000
220
15000
3500
2240
98
810
45000
2000
8
12000
30
7
220
880
2
3
560
120
12
2400
57
990
62000
14
26
16000
5100
39
1900
14
34
3
11
750
400
2500
37000
270
580
420
3900
5
510
350
400
84
290
910
910
72
3000
3
18
5200
17
500
5
7
98
240
26600
160
4000
160
1700
92
180
6
260
30
25
300
33
3800
10000
4100
27
400
4
14000
80
13
16000
41
2200
400
510
340
19000
250
20
4
1
270
1300
1000
75
2
6000
5
30
87000
1300
8
38000
590
5
1700
18000
89
400
450
20
50000
675
4
3800
25
29000
1010
39
150
270
300
24000
67
92
3000
42
8
14
25000
300
240
1200
44200
1700
410
13
1500
240
94
17
58
12
71000
210
51
4
40
8
2
4200
3
4
530
1100
12
570
28
6000
3700
540
3
1
16
2
1
3800
9300
5000
2
500
4310
60
3
73000
73000
30
32
140
160
5
14
2
500
21
61000
2
67000
11
6
96
12
930
75
54
69000
4000
6
6
87
34
1
9
21
1300
2200
4000
1
9000
2501
4
3
520
16
59
5
5
72700
35
78
1970
51
70
22
5
24
12
10
2
430
320
12
643
25
11
80
41000
11
1200
5
83
3000
69100
64
47
0
14600
13
8300
17000
31
44
280
26000
300
410
85
67
150
10
2
2300
12
18
10
8
3700
2
2000
16000
49
600
6
2700
88
70
90
37000
920
21000
80
54
10000
8
2800
38000
2
87
700
41
63
14000
600
10
4
6900
55
7
9000
240
9
17
12000
240
175
27
7000
28
5200
2412
280
950
23
32000
733
140
23
1
4
2900
43
9800
23
220
2000
140
40
33
510
15
69000
20000
6
250
5500
70
46
54000
8940
300
170
4600
1
5000
61
5
7
14
1
37
25
100
210
94000
3900
21000
446
7800
5
6500
2000
96000
3
25
300
1800
940
26000
512
13000
3
86000
6
8
7
1100
8500
3200
990
7000
55
18300
3300
3200
7
2140
240
990
40
240
100
1
590
30000
10000
35
630
830
8000
12
91
620
16
340
58
1400
10
11
1400
4500
434
6
19
177
49
1200
13
10
2
11000
5
68
23200
260
6
68
90
4
12
8
40
17
4
91
1000
400
360
2400
7
29
2500
12
44
6
9000
1300
20
810
95
16
11
98
7800
88000
157
37
5
680
30
65000
192
340
530
100
17
1800
2300
1700
750
72
51
4
1500
2300
670
110
11
61000
48
23000
51
230
4240
44
9300
41
960
18000
81
56000
27
12000
4
16
9000
8800
1600
2300
450
560
17000
61400
6000
2100
50
5000
6900
2
17100
3000
2900
330
39880
66
160
4400
16
6
3900
2580
390
52
16000
84
53500
11
87
6
24
1000
8400
160
7500
160
160
5
14
17
18
23000
15
40
22
10
37
32
4440
46
33000
35
5
27000
7
4
116
37
3300
29
48
70
700
10
9500
7300
130
8300
730
500
20100
400
190
83
39000
20
9
51800
24
761
11
17
1600
3300
4
580
32
21
3900
79
2
14
1100
14000
29
8
1400
130
20
14
120
138
3200
20
2
27
3
26000
4900
51
7
1700
20
8
0
11600
1310
5
320
2500
4360
280
1500
2
3
25
53000
260
60
17000
22
16
9
86
12
27
31000
3
7
1100
14300
280
20000
17
940
1
11
18800
35
2200
4400
7200
5300
7400
65
130
68
28
170
287
200
300
11400
5
10
140
40
76
1000
22
120
26
1200
14
28
26
760
450
530
3
244
52
910
130
68
12
10
2
29
130
7000
7
41
13
90
0
24790
200
21
8100
1100
4
4
16000
2
7
230
0
41
2900
5
640
4
22000
12600
660
8
470
15000
84000
5000
190
900
25000
61000
6600
40
80
500
7
23500
15
2400
90
7
620
4
47000
67000
340
260
4600
1300
135
320
66
550
18
56
4
33
41
46
240
30
180
210
11
88
15000
300
12
1500
70
4
22000
80000
39000
40
7700
5000
28
2900
160
23000
9
10000
25
60
1200
3700
100
710
950
590
29000
27
3
15
1500
480
60
14000
620
40
53
35
5000
2
430
97
160
7
30000
3
80
70
63
4000
4
210
12
9000
2200
6
14000
7
17000
6
1000
4
9800
21
1900
6
620
20
2200
20
39
17000
68
34
11
2
1
1100
8
193
43000
1
5
3700
92
43000
380
25000
4700
4600
1
26
18
1
400
21000
1
2
7000
8
100
48000
1300
3
17
7100
2
11
2
35
22
23
13
300
1
36
89
14
57
120
390
6800
120
3
850
2700
20
23
4
210
7
780
2000
45
21
14
40000
72000
1400
180
27
13
5
1000
41000
5100
10
300
24
48500
8000
640
19000
9700
4700
2200
980
650
9900
17000
120
493
4
7
50
16000
790
5
16000
21
3
5700
10
11
28000
35
240
17
1600
76
95
29
460
9
37
5000
50
4900
53000
23700
6300
41
520
1
4
3100
19
28000
40000
9
30
700
16000
3000
91000
2000
31000
7
1600
380
17
29
62000
29000
26
13
12000
69
22
3
94
12
4760
280
100
149
9
500
610
230
9
54000
560
310
210
75
6800
3900
190
3260
120
61000
4
8800
1
680
23
44
200
46
640
23
730
33000
16
29
62000
100
24000
40
230
17
15
9200
65000
10
590
78
34
470
6500
340
1900
100000
5
430
55
12000
75000
1500
27
9
37
40
400
7
510
35
14000
3800
39000
18
180
22
6
8
4
1000
1
4
500
13
160
87
10
100
6100
6000
3700
740
46000
11
1000
99
5000
1800
61
2
7800
400
5
5800
6
14
480
99
3400
2000
2800
5000
1
460
2000
25
2
16
800
26
350
55000
57000
10
160
85
36100
19
47
18
6520
800
1000
45
8
6
2900
150
250
9400
5
3600
22000
48
930
14
300
9
5
1300
16000
45600
3900
880
5
44
45
38000
11
16
95
20
1
83000
5200
33
250
6
5
3
6
130
75000
8
17000
16
46
71
61000
1000
7
16
240
4000
33
1600
49
27
2100
420
30
4
2
37
35
30
49
5
5
350
81
53
8
140
1000
100
250
10
13800
5
14
49
24
8
620
37
5990
1900
27690
410
7000
4
1
4
280
25000
13
6
19
1100
210
16000
980
87
21000
6100
300
350
6
3
37
520
7
1
33000
840
6
3500
15
1100
11700
200
20
27
380
24000
30000
3
2
11
1200
6
39000
14
2
25
49
220
80
4200
22100
3
4860
3000
440
10000
84
4
7
29
20000
390
17
3
4
5
130
7000
47
400
11000
6
1
93
290
520
15
200
2
170
55
14
140
1200
34
8500
37400
20
34
11
4420
7700
23000
31
4000
44
4000
8000
36000
12
900
6300
26100
35000
80
880
48
7000
2000
5
488
110
100
100
44
160
160
6
28
220
18000
2400
12
18
520
11
300
530
93000
4200
11
66000
710
2500
3600
3
74
2700
9
11300
14
550
32
30
71
58000
34
26000
1
4
220
35
79000
280
700
120
87
2600
320
30000
26
350
210
40
4400
450
11
2400
28000
32
68
6600
61000
33000
48
13
100
8
12
120
1400
1800
1500
2
28
1200
11
9000
10
2
10
7
42
3
1
64
30
12
78
13000
140
200
12
140
40
99
32
17
430
2300
100
423
5100
13
34
2
3200
3400
22000
990
5
590
3
3
490
10000
84
200
596
1
3800
72
10
380
6
9000
18060
8
60
826
1300
3300
62000
41
19000
86
8
8200
20
4000
5000
42
4600
400
4940
25
77
15
1
3
1100
4
14
490
2000
47
380
5
9
22000
4790
3300
1200
140
4700
340
200
100
700
2030
6
22000
3
13
35
400
17
5
16000
32000
19
3000
6600
40
1700
600
36
600
6000
17000
68
4000
10
13
4900
19
23
500
2
60
200
23
900
190
9
64000
14
93
3
0
96
23
3
10
48
88
1
3200
260
150
8
820
11
21
5200
1630
33
2
1
6
38
780
20
85
26
2
52
89
1100
3
55
10
100
2000
3300
11
28000
2800
48000
27
72
2
2
80000
0
15
360
1800
7
12
17400
162
36800
2800
4
150
7000
23
16000
252
320
5
2100
1
13
23
2800
4900
7
26000
2200
1900
1
400
8200
3
50
6000
190
32
46
85
3
17
11000
1700
19
70
1100
1200
33
1100
1
3500
1750
4
15
99
2
11
540
85000
8700
13
10
19
2000
650
4000
2
79
170
26
85
5
9
86000
680
350
13
2000
47
278
2
200
5
1
360
1309
22000
9
23
3200
120
62
9400
8
3600
1200
600
2
7
10
1800
1700
32
200
5
7300
150
31
14
3000
670
46
4
70
2100
240
1600
3100
170
2600
7
6
7900
190
150
23000
41
14000
2
80
540
980
7
6800
170
6200
22000
4900
910
75
37
6
12000
2030
7
14
410
6300
15000
160
8280
33
37
10
31
30000
1240
33
2
6
4
19
12
10
7000
410
10
16000
60
45
5
28
330
45000
6900
1500
570
15000
4300
2400
21
0
40
690
4
28
8
280
5
210
1
84000
5
16
25
6800
7
266
34000
840
4
6
28000
252
570
2500
2000
22
89
440
2500
4800
190
18
2330
22
2
28000
46
7
350
4
49000
47
32200
10
6160
34
10
30320
4
270
2100
73000
130
210
50
48
8
4900
5400
2
5400
17000
140
790
68
40500
7
29000
8
2500
50
87000
41
87000
12000
6
460
720
287
33
1
1000
300
19700
10200
560
5100
41
8200
5000
2200
5
57
6
2700
7100
46
610
1
3
17
3300
5
110
180
3
270
62000
57000
1200
500
6
220
122
5
50
3
30
23
600
9600
3
11000
8
18000
12
77
4
3300
18
7
1100
850
2
1280
4000
26000
35
722
35
500
21
54
1500
2800
1
5
61
18000
110
118
9300
3200
29
9200
2
61
34
57
21
9300
200
7
200
96
23
630
480
14000
1000
13
1000
20
26
23000
6100
15
94
1
78
10
5
18000
44
2300
69000
26
3
120
2700
1200
330
11
39
11
10
81
3
2000
34
870
40
3800
3
30
440
2
58
56
1
2
2800
1300
2100
65
6300
6200
85000
9900
13
2600
38
380
400
37
3
75
39000
29
38
130
14
310
600
39
6400
6
10000
23000
1
80
6300
18
200
85
70000
700
14
2500
9
4000
36
39
620
520
15
6
4
110
8
56000
290
18
140
60
310
420
23
3
56
12
71
25
12
740
25
5
6300
8000
53
22700
2
410
7
93
9000
18
35
4800
45
16
100
7
2500
3900
46
240
130
5
29
10
6
80
1245
90
3
1
18
19
100
9
1
400
290
120
1200
200
200
5
1200
22
600
1
910
5
4
1
73
32000
22000
42
59
2
240
14000
2000
9200
37
15
1300
620
83
2100
26000
80
45
4510
33
4
17
8
200
8
69
8100
1
3000
13000
12
4
160
10000
10
10
8
50
514
8
14
460
10
23
100
20
71000
380
140
570
18600
4100
90
400
38000
6500
68
1900
3
11
390
7
32
34
200
11
18
2500
4
24000
27
0
55000
4500
13000
870
32
16
6700
5
690
16000
11000
53
2800
3
26
8000
1
82
5430
1000
170
22
10
8
300
6380
33
12
12
22000
23000
4
28
8
22
12000
37
31000
7000
8
18
21
3000
90
8
210
0
8
140
7600
170
4200
26000
73
9
9000
13
610
330
7
10
171
7800
11
970
25
14
810
84000
1
1
66
29
29
50
5500
36000
5
1
1300
89000
20
17000
5100
88
6
14
580
9
610
2700
93
16
7
470
91
930
2100
3100
34
170
1
121
1700
130
22
3
32200
550
80
18
490
43
630
300
2
6
38
7100
92000
2
1400
13000
28
6700
3000
660
7
16
80
10
348
570
23
79
35000
2700
9000
190
7
55000
10
110
55000
21
6700
41000
23
30
21000
800
2
6
58000
320
1
2600
33
3000
11000
35000
19
7
75
2100
40
74
36100
5
79
2
5
3400
400
44000
920
4
5
1600
5000
12
72000
6000
600
70000
15
270
3300
390
112
250
13000
51
46000
110
3700
67000
2188
18000
12
18
6
19
62
2300
13
12
1200
51
6000
0
4200
7900
190
9
187
15
43
44
11000
5000
200
5
3
1
13000
9
3
140
25
37000
2500
1400
5600
5600
9
33
7000
3
280
29000
29000
5
70
23
390
380
10900
340
2400
27000
530
6500
3700
1500
70
2200
3000
820
40000
9
330
150
19
840
2200
2400
14000
2
17300
30
800
52000
17
69000
120
25000
70
5
18000
290
16000
10
3
37
190
15
840
2
6
16
5
79
12000
3000
100
7600
96
42000
1160
16000
10
12
110
2000
340
3
220
41
41
4000
26
670
12
950
23
160
720
790
4
28
8
330
6
5
7000
24000
21
29000
10
14
3
19
10
34000
2
7
4
3400
150
1460
7
17000
4800
6
11000
9
65
1000
32000
380
11
8200
38
40
3
59800
15000
22000
48
62
9
75000
40000
11000
41
4100
28800
240
3
9300
9000
800
690
1186
31000
2
70
35
340
52
400
3
3
5
200
105
24000
40
10
9
16
8
130
110
36
1900
0
59
56
34
43
49
8800
160
10
3700
8030
52000
23
14
54
17
370
680
7
37
720
36
3300
15
460
13000
3300
1300
1
1200
950
98
2
30
30370
880
53
2
280
11
24
4
3500
45
120
8600
59
43
14
75
32
53
4
18
300
6
6
900
11
460
130
35
49
700
75
11000
1800
30
47
10
18
11
2
1400
52
17
26000
1700
99
4
89000
130
11
21
12
2000
21
7300
310
24
430
615
520
17
410
12800
32
16
12
24
2900
480
6
53
7
290
3
4500
24
55
320
78000
14
6000
11
16
47
37
24000
160
1400
210
5700
780
24
2600
90
32
33000
150
1680
20
8
16
680
14
29
11000
59000
13000
7
5600
4500
25
180
47
400
50
16
19500
320
10
3400
12
1300
23000
24000
22
3600
37
5
95
720
1
10
4
4
17000
12
80
30
14000
4810
47000
370
3
38000
3500
8400
9
7
10
500
6
3
72
15000
2100
19
65
2300
620
760
9
30
23000
21
4
710
3
19000
4
740
44
700
46000
15100
6400
9
48
2400
110
72
800
13
7
190
43
9
60
3
95000
11000
33
5
10
130
20
43
530
11
4
8
9
31750
230
700
29
310
7
460
55000
7900
90
200
708
7400
120
72
4200
2
42
580
990
30
2
31000
14000
470
53
510
6600
50000
20
64
4
67
2000
160
100
2
5
10
3
84
44
6000
6500
25
5000
140
60
2220
63
1
1200
13
9
13
14000
5900
4700
3100
162
79
1100
80000
12
2
80
67000
27
39000
3
77
1
43000
14
400
28000
1800
14
43
5
13
7000
34
1
810
3000
65
68
91
20
210
5
8
30
7
1
78
30
47000
16
2200
28
63
4600
9
3600
300
1300
20
48
5100
17000
18
950
1000
28000
19000
21000
18
10000
75
150
23
46
5700
3
2600
22
36000
4
160
30
4200
8
4
30000
1
4000
3
29000
5
200
38000
1500
9500
9
80000
17
20
78
19
440
2400
18
800
1000
8
4
740
1600
760
1
160
16300
11
340
4
1400
4000
5400
35
1800
3090
10000
58
3880
8000
2
22000
130
3300
150
2
42
17000
6
72
5
12
3
8800
12
37
39000
7
6100
2
48
1900
140
42000
48800
98
43
130
1
55
34
2
45000
990
7400
8400
89
11
31
7100
8
18500
390
2500
3
1500
28
820
8500
15000
110
43
10000
3700
1100
100
1400
800
2100
62
80
3
10
15
26
32
4
800
27
4400
2700
14000
120
5
1400
100
43600
67900
47
21000
250
660
93000
7900
20
6400
1800
7700
890
3300
120
290
13
100
61
690
11
610
3000
14000
31
14600
4000
2
11
3000
2
15
260
5500
76
40000
530
6200
6500
990
100
580
110
51
120
22000
83
14000
1090
224
99000
5900
1800
4
5
13
3000
150
34
7200
69
15
1110
3
34
40
36
4100
170
35
340
80
1080
55
83
69
27000
11
3000
6000
24000
900
0
1800
310
34000
1
390
35
600
20000
420
5
1
19
5
830
475
11
3
99
32
27
91
49
600
4
6
20
28
31
1100
2200
1
1200
620
6
2500
8800
2800
6
19
9000
14000
160
3300
43
4900
23000
55000
10000
28000
19
55
2
16
30
3950
22
1000
3700
19
520
4
33
630
6000
670
23000
4600
6
68
6
1100
3600
55000
340
5000
6
18
13
380
5500
1200
150
13
47000
15
31
300
57
3300
18000
7200
3400
19
5
18
5
3
880
9000
1100
2
23
28000
1000
200
730
24000
1700
7
50000
25
33
33000
210
14
431
280
69000
1200
300
1910
140
1600
3000
28
100
1000
48
2600
840
2640
11000
85000
58
22000
130
11000
100
1760
740
110
25
1000
10
62
2500
260
11
60000
220
36
18000
9
330
13
4
280
58000
42
15000
89
35
0
1200
8240
1400
23000
150
8
15
600
23
1000
740
4000
1600
700
8
4300
37
340
17000
10
50
11
130
1300
5600
12500
13
200
2900
8000
19000
100
130
13
6500
17
3700
9500
19
260
220
44000
2
22
4
2200
15000
17
2000
72
49
83
57
65000
7900
36
3000
12
64000
5000
2200
12
200
5
2
338
11700
870
840
6
65
77
200
40
5
2
10000
16
21000
680
1
9
450
32
7700
3400
98
2800
10
20
1
0
6
400
50
1
6200
260
530
6
110
13
60
42
40
500
19
27
14
5
4
25000
19000
730
0
771
130
50
500
2960
17000
68
3000
36
22
480
100
74000
300
250
62
17
510
26000
34
2400
15
5
33
250
1200
1
13
330
9
14000
740
8900
219
10
160
4530
1500
130
5
1
410
120
6
7
2
19
360
2000
6
5900
34000
4300
1000
7000
8800
795
9
14
2000
33600
79600
39000
560
11
13
1600
110
8000
10
410
18
3300
27
13800
2
90
11
38
2900
31
270
2000
140
80
7000
2
3700
5
10
9
250
1
83000
69
14
31
2
8
26400
31
4000
21
36
43
2
31000
480
170
4300
2200
63
140
9
140
230
42
18
2300
36000
67
2
790
1100
9000
4170
1700
90
3
4
15
32
73
14
85
1700
27
53
120
1
60
10
39
30000
26
74
13000
1500
2
10
80
20
1300
8
15
45
35900
4
475
14
50
48
290
20
9100
4000
51000
9700
210
860
23
70
160
6
32
5
2600
100
64
4400
86
390
78
5
320
4
2600
1
5
98
62000
45000
8
1400
4
4800
2100
45
18
5470
4600
7400
51000
50
1800
3
6000
130
10000
5
520
340
36
51000
6200
460
5
33
13
10
3000
4000
160
34
120
1020
2280
1100
330
22
3
9
3000
7300
130
420
9
24
320
30
99
32
58
17
1
6
1000
85
100
20
70
310
290
25
3
19
1300
1200
36
4
440
190
17
13
7
26
83
105
1000
730
8
2
12000
25
790
22
1
4
28
500
15000
20
3000
15
6200
24000
4600
8
630
8390
18
290
260
1400
360
4
1700
27
9
46300
270
5
1900
7
300
485
13
180
7400
7
33
440
26000
67
5
14
15
22
13
290
11
19000
5000
70
6
27
24000
5
500
30
27
13
61
93
13
265
470
8000
3
130
150
500
5
99
4
11000
2
7
270
3000
490
25
1100
7700
41000
47
10
320
1400
32
470
4
1
13
30
4
370
2
23
54000
900
2
2300
4700
70
15000
72000
3
4
360
67
1
95
710
430
39
500
1900
89
320
900
4
54000
32
72
4
3
220
16
11
12
4800
131
1500
95
510
250
2
930
42
6000
47
220
115
19
220
8200
37
46
71200
90
36
1100
74
7800
14000
54000
4400
10000
98000
330
3300
2100
11
6
6900
320
76
30000
0
13
36
26
450
7
2500
3
43
95
5400
15000
24
3
11
80
5
63
65
240
20
14
2200
8
90000
46000
6700
260
1000
1800
3100
35000
5100
10
4
210
500
25
24
2
3
130
3100
2800
4
7280
8
51
1300
30000
77
88
5
100
240
36
190
5
3
5700
14
8000
11
290
50
160
170
45
26
68
100
21000
22000
1
4
400
4
1000
1500
50
5
74
470
22
170
100
8400
1100
6
7100
14
134
30
935
21000
477
7
2400
400
10
25000
69
320
48000
60
6
520
25
100
77
73
170
56000
29
40000
3280
46
270
5500
39
1749
54
71000
13
42
3600
5
1100
43
10800
2
61
260
9
1800
420
3000
4
19
75
4
290
360
21
120
8
6400
550
300
55
70
26700
77000
0
65
710
600
300
14
24000
2800
5
9
78000
4210
820
5
4
2700
4
3000
0
1300
14
5400
4300
11
520
9000
24
160
5
63
3900
5200
940
35
46
1200
56
4
4400
8500
31
200
477
82000
2
40
7
1400
18400
880
38
170
13
520
97
570
40
420
6
2000
285
160
15
20
1
21
12000
100
4800
14300
130
3000
72000
63
93
760
16
150
2900
1800
7000
4900
60
270
1
86
10
500
45
300
560
49000
6800
12
6
3
10
4
1970
67
13000
33000
130
4143
24
150
69
2000
260
0
830
8
780
19000
52
120
80
950
10
76
7
3500
9
20
6500
300
6
7
370
90
270
500
5
710
130
425
293
2100
580
5
80
4000
1830
30
14
89
75
160
9
8400
13
5
160
6200
71
12
520
12000
4
32
50000
33
340
47
7760
2900
31000
100
19000
47
1600
10400
8000
9000
2
630
670
5
29300
28000
170
7
203
73
2
4000
240
84
3
11000
10
4200
2700
4700
23
10
3
1
16
97
9
25
170
71000
25
25
2100
8000
13000
1090
160
46
51
4150
8100
200
90
310
17
20
100
16000
108
13
100
34
200
7000
2300
2100
26
1200
3900
14
680
41000
220
1100
2
380
10
19
89
830
4
13
71
100
150
130
2
3
4
5
1
10
80
2400
5200
3
16
1700
28
170
13000
1200
26000
450
760
38
7
19000
1700
150
17
18
240
1
7
26
90
19
470
1
13
440
39000
1
99
70
1500
60
3
7
2300
6350
13
25
65
14
24
72
23000
49000
820
19
0
1100
1
8
266
460
37
26000
1800
1500
48000
15000
460
67
210
2000
2400
13300
5000
4700
3000
2095
2700
12
2300
13
10
11
17
74
99
20
12
29
4000
100
1500
32000
4000
52
293
6900
1000
4
700
120
28
22
1200
2
11
8600
63
1
29
22
6
5900
4500
1120
150
42600
9000
200
21000
13
1800
18
120
1600
2400
68
9000
6
4
9200
3510
25480
25
22000
272
1
3
2
120
45
2000
6200
4
4100
290
41
320
9000
19
7
11
190
56
4
500
9
4
600
14
15000
9
33
56000
1040
21
24000
2600
490
220
11
2
16000
6400
40
26
16
430
5
6
150
16
7
55
710
140
25
8
500
780
940
76
57
6
38
13000
11
82
5
61
2250
45400
2900
200
5000
79
880
7
13
3000
3600
170
3
36
9
4000
250
1700
58000
25
2750
48
42
63000
30900
8
42
70
42000
120
110
220
33
3
940
4
13000
1500
7
4
7000
58
21
19
652
60
4
2300
4800
7
58
1
27500
4
5800
4000
320
25
18000
540
71
20
54
4
8
3200
9600
25
7000
53
22
1
4000
1
31
69300
17
33
86
5
26000
140
5
77
23
8300
30
35
2500
96
670
1200
1100
32
9800
55
30
87
1100
2
1100
23
5500
17
28000
4400
100
18000
9
290
1700
610
1200
58
250
5
14
860
11
2900
11000
4
1300
9
24000
6
210
1200
29
160
1
56
170
2400
26000
16000
1500
14
84000
2000
22
2
39
7
200
96
3200
5900
10
42
98000
2300
7300
49
180
160
10
48
180
2700
3000
310
10
27
3
37
13
1
940
15
3100
570
13
7600
110
31
1000
5100
5000
140
21
43
71
37000
3
8300
3000
3500
9
80
330
250
370
9
73
15
10
18
2900
16000
3800
2600
680
3
62
12
9400
19000
410
3
4
40
1
17
600
33
4300
630
22
4200
9300
9
7100
4
1700
10
2
28300
12000
17000
2300
13000
27
100
4
70
1400
92700
4900
376
17000
72
130
600
420
220
2600
7
72
18
18
63
14000
1
3
1
109
8
6
2
2600
3
28
590
1600
201
520
26
12000
3400
760
160
250
118
120
2
140
640
130
45
30
310
10
2
2
1400
16
57000
5
6000
10
150
30000
540
96
5
58
60
46000
1300
31
1200
22
21
59
460
26000
720
2100
11000
18
340
18
3
8
45
13
23
1300
2
17
37
4500
